cercle  940 600 200 3690 100
cercle  940 650 20 3690 100
cercle  910 685 50 3690 100
cercle  970 685 50 3690 100
ligne  910 665 800 630 3690 100
ligne  890 690 780 700 3690 100
ligne  910 710 810 750 3690 100
ligne  970 665 1080 630 3690 100
ligne  990 690 1100 700 3690 100
ligne  970 710 1070 750 3690 100
cercle  850 550 40 3690 100
cercle  1030 550 40 3690 100
cercle  1025 570 20 3690 100
cercle  855 570 20 3690 100
rectangle  720 370 140 120 3690 100
rectangle  740 390 140 120 3690 100
rectangle  1020 370 140 120 3690 100
rectangle  1000 390 140 120 3690 100
ligne  195 470 150 359 43690 100
ligne  195 450 150 360 43690 100
ligne  205 450 250 359 43690 100
ligne  205 470 250 360 43690 100
cercle  200 120 60 43690 100
cercle  165 105 10 43690 100
cercle  235 105 10 43690 100
cercle  200 130 3 43690 100
cercle  200 155 10 43690 100
rectangle  180 140 30 20 43690 100
cercle  260 120 50 43690 100
cercle  218 177 50 43690 100
cercle  152 155 50 43690 100
cercle  152 85 50 43690 100
cercle  218 63 50 43690 100